                              BitcoinDaysDestroyed CostPerTransactionPercent EstimatedTransactionVolumeUSD EstimatedTransactionVolume EuroPriceInUSD MarketPrice MedianConfirmationTime OutputVolume SP500.Close SP500.Volume  TradeVolume TransactionFeesUSD TransactionFees TxTradeRatio WikipediaTrend 
BitcoinDaysDestroyed                    1.00000000              -0.015524132                    0.49048471                 0.22141529    -0.15332848  0.29021579             0.23162485   0.20891080  0.31067430  -0.17141803  0.325945433          0.2931404      0.26951088  0.214518953    0.232079038 
CostPerTransactionPercent              -0.01552413               1.000000000                   -0.01780565                -0.01621593     0.02465402 -0.02074152            -0.03226075  -0.01407439 -0.04156941   0.05291143 -0.013867474         -0.0169220     -0.02269768 -0.018740481   -0.009149652 
EstimatedTransactionVolumeUSD           0.49048471              -0.017805653                    1.00000000                 0.24530794    -0.46593182  0.76633125             0.32123529   0.26292455  0.66798409  -0.20053722  0.604477170          0.7486872      0.32832880  0.508459019    0.300711010 
EstimatedTransactionVolume              0.22141529              -0.016215930                    0.24530794                 1.00000000    -0.20389983  0.09072301             0.27806171   0.28671602  0.21211468  -0.12736080  0.132589180          0.1633550      0.20005978  0.379217929    0.079547369 
EuroPriceInUSD                         -0.15332848               0.024654018                   -0.46593182                -0.20389983     1.00000000 -0.28521535            -0.48102064  -0.28089475 -0.62000347   0.12630079 -0.095467612         -0.4086422     -0.32055684 -0.503116669   -0.076829863 
MarketPrice                             0.29021579              -0.020741520                    0.76633125                 0.09072301    -0.28521535  1.00000000             0.34773467   0.10986506  0.75324616  -0.32728178  0.589739420          0.6797916      0.21036029  0.393362210    0.295807922 
MedianConfirmationTime                  0.23162485              -0.032260746                    0.32123529                 0.27806171    -0.48102064  0.34773467             1.00000000   0.33282024  0.58248718  -0.45040632  0.232671721          0.2985867      0.45720620  0.260056977    0.142696364 
OutputVolume                            0.20891080              -0.014074395                    0.26292455                 0.28671602    -0.28089475  0.10986506             0.33282024   1.00000000  0.21887233  -0.09912852  0.086367916          0.2390094      0.27198441  0.272396591    0.059726626 
SP500.Close                             0.31067430              -0.041569411                    0.66798409                 0.21211468    -0.62000347  0.75324616             0.58248718   0.21887233  1.00000000  -0.52881606  0.408032910          0.6013813      0.42898092  0.539826994    0.228255822 
SP500.Volume                           -0.17141803               0.052911425                   -0.20053722                -0.12736080     0.12630079 -0.32728178            -0.45040632  -0.09912852 -0.52881606   1.00000000 -0.202903226         -0.1889351     -0.26868771 -0.192141224   -0.136750771 
TradeVolume                             0.32594543              -0.013867474                    0.60447717                 0.13258918    -0.09546761  0.58973942             0.23267172   0.08636792  0.40803291  -0.20290323  1.000000000          0.4486161      0.23439580  0.002759561    0.341192809 
TransactionFeesUSD                      0.29314037              -0.016922004                    0.74868716                 0.16335498    -0.40864223  0.67979160             0.29858671   0.23900936  0.60138129  -0.18893514  0.448616130          1.0000000      0.60704325  0.510516112    0.225966615 
TransactionFees                         0.26951088              -0.022697683                    0.32832880                 0.20005978    -0.32055684  0.21036029             0.45720620   0.27198441  0.42898092  -0.26868771  0.234395797          0.6070432      1.00000000  0.297048765    0.152963366 
TxTradeRatio                            0.21451895              -0.018740481                    0.50845902                 0.37921793    -0.50311667  0.39336221             0.26005698   0.27239659  0.53982699  -0.19214122  0.002759561          0.5105161      0.29704877  1.000000000    0.114637563 
WikipediaTrend                          0.23207904              -0.009149652                    0.30071101                 0.07954737    -0.07682986  0.29580792             0.14269636   0.05972663  0.22825582  -0.13675077  0.341192809          0.2259666      0.15296337  0.114637563    1.000000000 

Remove next variables:

NumTransactionsPerBlock
NetworkDeficit
TotalBitcoins
BitcoinDaysDestroyedMinYear
AvgBlockSize
CostPerTransaction 
